*MF	1273,2547,3309,4580,5851,7125,8399,9670,10941
AAA	261,1535,2809,3568,4839,6113,7387,8658,9929,11200
AAE	1014,2288,4321,5592,6866,8140,9411,10682,11953
AAL	891,2165,4198,5469,6743,8017,9288,10559,11830
AAR	844,2118,4151,5422,6696,7970,9241,10512,11783
AAT	1024,2298,4331,5602,6876,8150,9421,10692,11963
AAY	262,1536,2810,3569,4840,6114,7388,8659,9930,11201
ADA	828,2102,4135,5406,6680,7954,9225,10496,11767
ADQ	625,1899,3173,3932,5203,6477,7751,9022,10293,11564
ADS	396,1670,2944,3703,4974,6248,7522,8793,10064,11335
ADT	569,1843,3117,6421,7695
ADY	362,418,1636,1692,2910,2966,3669,3725,4940,4996,6214,6270,7488,7544,8759,8815,10030,10086,11301,11357
AEH	652,1926,3959,5230,6504,7778,9049,10320,11591
AEI	1015,2289,4322,5593,6867,8141,9412,10683,11954
AEN	700,1974,3248,4007,5278,6552,7826,9097,10368,11639
AEV	988,2262,4295,5566,6840,8114,9385,10656,11927
AGA	259,889,1533,2163,2807,3566,4196,4837,5467,6111,6741,7385,8015,8656,9286,9927,10557,11198,11828
AGC	646,1920,3194,3953,5224,6498,7772,9043,10314,11585
AGF	830,2104,4137,5408,6682,7956,9227,10498,11769
AGI	667,1941,3215,3974,5245,6519,7793,9064,10335,11606
AGL	1221,2495,4528,5799,7073,8347,9618,10889,12160
AGS	474,1748,3022,3781,5052,6326,7600,8871,10142,11413
AGT	878,2152,4185,5456,6730,8004,9275,10546,11817
AHF	1086,2360,4393,5664,6938,8212,9483,10754,12025
AIC	1079,2353,4386,5657,6931,8205,9476,10747,12018
AIG	929,2203,4236,5507,6781,8055,9326,10597,11868
AIH	66,622,1340,1896,2614,3170,3929,5200,5918,6474,7192,7748,9019,10290,11561
AIP	712,1986,3260,4019,5290,6564,7838,9109,10380,11651
AIS	971,2245,3376,4278,4647,5549,6823,8097,8466,9368,9737,10639,11008,11910
AIV	1225,2499,4532,5803,7077,8351,9622,10893,12164
AKN	1189,2463,4496,5767,7041,8315,9586,10857,12128
ALD	291,1565,2839,3598,4869,6143,7417,8688,9959,11230
ALE	221,1495,2769,3528,4799,6073,8618,9889,11160
ALG	943,2217,4250,5521,6795,8069,9340,10611,11882
ALH	242,1516,2790,3549,4820,6094,7368,8639,9910,11181
ALL	875,2149,4182,5453,6727,8001,9272,10543,11814
ALN	957,2231,4264,5535,6809,8083,9354,10625,11896
ALQ	892,2166,4199,5470,6744,8018,9289,10560,11831
ALT	765,2039,4072,5343,6617,7891,9162,10433,11704
AMQ	898,2172,4205,5476,6750,8024,9295,10566,11837
ANL	1021,2295,4328,5599,6873,8147,9418,10689,11960
ANN	162,1436,2710,3469,4740,6014,7288,8559,9830,11101
ANQ	923,2197,4230,5501,6775,8049,9320,10591,11862
APA	519,1077,1793,2351,3067,3826,4384,5097,5655,6371,6929,7645,8203,8916,9474,10187,10745,11458,12016
APG	410,1684,2958,3717,4988,6262,7536,8807,10078,11349
APH	1055,2329,4362,5633,6907,8181,9452,10723,11994
AQA	955,2229,4262,5533,6807,8081,9352,10623,11894
AQE	1069,2343,4376,5647,6921,8195,9466,10737,12008
AQH	3200
AQK	851,2125,4158,5429,6703,7977,9248,10519,11790
AQV	782,2056,4089,5360,6634,7908,9179,10450,11721
AQY	870,2144,4177,5448,6722,7996,9267,10538,11809
ARD	845,2119,4152,5423,6697,7971,9242,10513,11784
ARL	4288,5559,9378,10649,11920
ARS	683,1957,3231,3990,5261,6535,7809,9080,10351,11622
ASA	941,1019,2215,2293,4248,4326,5519,5597,6793,6871,8067,8145,9338,9416,10609,10687,11880,11958
ASF	371,1645,2919,3678,4949,6223,7497,8768,10039,11310
ASQ	687,1961,3235,3994,5265,6539,7813,9084,10355,11626
AST	92,1366,2640,3400,4671,5944,7218,8490,9761,11032
ASV	347,1173,1621,2447,2895,3654,4480,4925,5751,6199,7025,7473,8299,8744,9570,10015,10841,11286,12112
ASY	671,1945,3219,3978,5249,6523,7797,9068,10339,11610
ATK	1025,2299,4332,5603,6877,8151,9422,10693,11964
ATN	122,1396,2670,3430,4701,5974,7248,8520,9791,11062
ATR	343,1617,2891,3650,4921,6195,7469,8740,10011,11282
ATV	521,1795,3069,3828,5099,6373,7647,8918,10189,11460
AVD	287,1561,2835,3594,4865,6139,7413,8684,9955,11226
AVE	770,2044,4077,5348,6622,7896,9167,10438,11709
AVL	608,1882,3156,3915,5186,6460,7734,9005,10276,11547
AVR	574,1848,3122,3881,5152,6426,7700,8971,10242,11513
AWN	351,434,1625,1708,2899,2982,3658,3741,4929,5012,6203,6286,7477,7560,8748,8831,10019,10102,11290,11373
AYR	902,2176,4209,5480,6754,8028,9299,10570,11841
AYS	705,1979,3253,4012,5283,6557,7831,9102,10373,11644
AYT	26,693,1300,1967,2574,3241,3336,4000,4607,5271,5878,6545,7152,7819,8426,9090,9697,10361,10968,11632
AYY	263,1537,2811,3570,4841,6115,7389,8660,9931,11202
CAL	290,1564,2838,3597,4868,6142,7416,8687,9958,11229
CAQ	850,2124,4157,5428,6702,7976,9247,10518,11789
CAS	670,1944,3218,3977,5248,6522,7796,9067,10338,11609
CCK	1252,2526,4559,5830,7104,8378,9649,10920,12191
CCM	1234,2508,4541,5812,7086,8360,9631,10902,12173
CCS	1239,1246,2513,2520,4546,4553,5817,5824,7091,7098,8365,8372,9636,9643,10907,10914,12178,12185
CDI	661,1935,3209,3968,5239,6513,7787,9058,10329,11600
CDV	1125,2399,4432,5703,6977,8251,9522,10793,12064
CEF	130,1404,2678,3438,4709,5982,7256,8528,9799,11070
CFT	390,1664,2938,3697,4968,6242,7516,8787,10058,11329
CGD	742,2016,3290,4049,5320,6594,7868,9139,10410,11681
CGK	1042,2316,4349,5620,6894,8168,9439,10710,11981
CGP	524,1798,3072,3831,5102,6376,7650,8921,10192,11463
CGS	1249,2523,4556,5827,7101,8375,9646,10917,12188
CHD	1081,2355,4388,5659,6933,8207,9478,10749,12020
CKF	1253,2527,4560,5831,7105,8379,9650,10921,12192
CLG	839,2113,4146,5417,6691,7965,9236,10507,11778
CLI	648,1922,3196,3955,5226,6500,7774,9045,10316,11587
CLK	1242,2516,4549,5820,7094,8368,9639,10910,12181
CMT	1235,2509,4542,5813,7087,8361,9632,10903,12174
CND	135,1409,2683,3443,4714,5987,7261,8533,9804,11075
CNG	479,1753,3027,3786,5057,6331,7605,8876,10147,11418
CPF	335,1609,2883,3642,4913,6187,7461,8732,10003,11274
CSC	1240,1247,2514,2521,4547,4554,5818,5825,7092,7099,8366,8373,9637,9644,10908,10915,12179,12186
CSF	589,1863,3137,3896,5167,6441,7715,8986,10257,11528
CSN	748,2022,3296,4055,5326,6600,7874,9145,10416,11687
CT*	3307
CTE	616,1890,3164,3923,5194,6468,7742,9013,10284,11555
CTF	165,1439,2713,3472,4743,6017,7291,8562,9833,11104
CTL	300,1574,2848,3607,4878,6152,7426,8697,9968,11239
CTM	737,2011,3285,4044,5315,6589,7863,9134,10405,11676
CTQ	759,2033,4066,5337,6611,7885,9156,10427,11698
CVA	360,1634,3667,4938,6212,7486,8757,10028,11299
CVI	431,1705,2979,3738,5009,6283,7557,8828,10099,11370
CVL	1031,2305,4338,5609,6883,8157,9428,10699,11970
CVN	14,537,1288,1811,2562,3085,3324,3844,4595,5115,5866,6389,7140,7663,8414,8934,9685,10205,10956,11476
CYF	487,3035,3794,5065,6339,7613,8884,10155,11426
CYG	378,1652,2926,3685,4956,6230,7504,8775,10046,11317
CYY	1761
DAG	829,2103,4136,5407,6681,7955,9226,10497,11768
DAV	286,573,1560,1847,2834,3121,3593,3880,4864,5151,6138,6425,7412,7699,8683,8970,9954,10241,11225,11512
DCA	289,1563,2837,3596,4867,6141,7415,8686,9957,11228
DCL	838,2112,4145,5416,6690,7964,9235,10506,11777
DCT	736,2010,3284,4043,5314,6588,7862,9133,10404,11675
DDF	426,1700,2974,3733,5004,6278,7552,8823,10094,11365
DDS	1258,2532,4565,5836,7110,8384,9655,10926,12197
DDT	3876,5147,8966,10237,11508
DED	1256,2530,4563,5834,7108,8382,9653,10924,12195
DEM	866,2140,4173,5444,6718,7992,9263,10534,11805
DEV	404,1678,2952,3711,4982,6256,7530,8801,10072,11343
DFC	1040,2314,4347,5618,6892,8166,9437,10708,11979
DFG	795,2069,4102,5373,6647,7921,9192,10463,11734
DFT	427,1701,2975,3734,5005,6279,7553,8824,10095,11366
DGK	1083,2357,4390,5661,6935,8209,9480,10751,12022
DGV	87,1361,2635,3395,4666,5939,7213,8485,9756,11027
DGY	197,1471,2745,3504,4775,6049,7323,8594,9865,11136
DIA	567,842,1841,2116,3115,4149,5420,6419,6694,7693,7968,9239,10510,11781
DID	3874,5145,8964,10235,11506
DIL	978,2252,4285,5556,6830,8104,9375,10646,11917
DIP	662,1936,3210,3969,5240,6514,7788,9059,10330,11601
DIS	466,1167,1740,2441,3014,3773,4474,5044,5745,6318,7019,7592,8293,8863,9564,10134,10835,11405,12106
DIT	585,1859,3133,3892,5163,6437,7711,8982,10253,11524
DKN	774,2048,4081,5352,6626,7900,9171,10442,11713
DKV	39,984,1313,2258,2587,3349,4291,4620,5562,5891,6836,7165,8110,8439,9381,9710,10652,10981,11923
DKY	1152,2426,4459,5730,7004,8278,9549,10820,12091
DLC	388,1662,2936,3695,4966,6240,7514,8785,10056,11327
DLE	177,1451,2725,3484,4755,6029,7303,8574,9845,11116
DLF	52,1326,2600,3362,4633,5904,7178,8452,9723,10994
DLG	1164,2438,4471,5742,7016,8290,9561,10832,12103
DLI	847,2121,4154,5425,6699,7973,9244,10515,11786
DLL	819,2093,4126,5397,6671,7945,9216,10487,11758
DLP	214,227,1488,1501,2762,2775,3521,3534,4792,4805,6066,6079,7340,7353,8611,8624,9882,9895,11153,11166
DLQ	1198,2472,4505,5776,7050,8324,9595,10866,12137
DNP	79,1353,2627,3387,4658,5931,7205,8477,9748,11019
DNT	1117,2391,6969,8243
DPF	137,1411,2685,3445,4716,5989,7263,8535,9806,11077
DPL	293,1138,1567,2412,2841,3600,4445,4871,5716,6145,6990,7419,8264,8690,9535,9961,10806,11232,12077
DPQ	577,1851,3125,3884,5155,6429,7703,8974,10245,11516
DPS	807,2081,4114,5385,6659,7933,9204,10475,11746
DQL	626,1900,3174,3933,5204,6478,7752,9023,10294,11565
DRL	993,1183,2267,2457,4300,4490,5571,5761,6845,7035,8119,8309,9390,9580,10661,10851,11932,12122
DSE	1259,2533,4566,5837,7111,8385,9656,10927,12198
DSF	397,1145,1671,2419,2945,3704,4452,4975,5723,6249,6997,7523,8271,8794,9542,10065,10813,11336,12084
DSK	110,441,1384,1715,2658,2989,3418,3748,4689,5019,5962,6293,7236,7567,8508,8838,9779,10109,11050,11380
DSL	935,2209,4242,5513,6787,8061,9332,10603,11874
DSS	252,1526,2800,3559,4830,6104,7378,8649,9920,11191
DST	744,2018,3292,4051,5322,6596,7870,9141,10412,11683
DTT	570,1844,3118,3877,5148,6422,7696,8967,10238,11509
DVD	1162,2436,4469,5740,7014,8288,9559,10830,12101
DVN	613
DVV	949,1126,2223,2400,4256,4433,5527,5704,6801,6978,8075,8252,9346,9523,10617,10794,11888,12065
DYN	419,1693,2967,3726,4997,6271,7545,8816,10087,11358
DYS	363,1637,2911,3670,4941,6215,7489,8760,10031,11302
EAE	987,2261,4294,5565,6839,8113,9384,10655,11926
ECD	660,1934,3208,3967,5238,6512,7786,9057,10328,11599
ECS	747,2021,3295,4054,5325,6599,7873,9144,10415,11686
ECV	1030,2304,4337,5608,6882,8156,9427,10698,11969
EDD	1257,2531,4564,5835,7109,8383,9654,10925,12196
EDL	818,2092,4125,5396,6670,7944,9215,10486,11757
EEL	1149,2423,4456,5727,7001,8275,9546,10817,12088
EFQ	131,1405,2679,3439,4710,5983,7257,8529,9800,11071
EFR	155,1429,2703,3462,4733,6007,7281,8552,9823,11094
EFV	190,1464,2738,3497,4768,6042,7316,8587,9858,11129
EGF	483,1757,3031,3790,5061,6335,7609,8880,10151,11422
EGK	179,1453,2727,3486,4757,6031,7305,8576,9847,11118
EGV	1091,2365,4398,5669,6943,8217,9488,10759,12030
EHV	653,1927,3960,5231,6505,7779,9050,10321,11592
EID	1181,2455,4488,5759,7033,8307,9578,10849,12120
EIL	582,724,1856,1998,3130,3272,3889,4031,5160,5302,6434,6576,7708,7850,8979,9121,10250,10392,11521,11663
EIR	1016,2290,4323,5594,6868,8142,9413,10684,11955
EIY	470,1744,3018,3777,5048,6322,7596,8867,10138,11409
EKG	308,1582,2856,3615,4886,6160,7434,8705,9976,11247
EKN	1071,2345,4378,5649,6923,8197,9468,10739,12010
EKS	95,1369,2643,3403,4674,5947,7221,8493,9764,11035
ELD	1143,1150,2417,2424,4450,4457,5721,5728,6995,7002,8269,8276,9540,9547,10811,10818,12082,12089
ELG	1201,2475,4508,5779,7053,8327,9598,10869,12140
ELL	515,1789,3063,3822,5093,6367,7641,8912,10183,11454
EMI	867,2141,4174,5445,6719,7993,9264,10535,11806
ENG	280,1554,2828,3587,4858,6132,7406,8677,9948,11219
ENQ	917,2191,4224,5495,6769,8043,9314,10585,11856
ENS	701,1975,3249,4008,5279,6553,7827,9098,10369,11640
EPL	223,1497,2771,3530,4801,6075,7349,8620,9891,11162
EPQ	1110,2384,4417,5688,6962,8236,9507,10778,12049
EPV	1261,2535,4568,5839,7113,8387,9658,10929,12200
EQD	772,2046,4079,5350,6624,7898,9169,10440,11711
EQY	1206,2480,4513,5784,7058,8332,9603,10874,12145
ERD	464,1738,3012,3771,5042,6316,7590,8861,10132,11403
ESE	153,1427,2701,3460,4731,6005,7279,8550,9821,11092
ESI	323,1597,2871,3630,4901,6175,7449,8720,9991,11262
ESL	1194,2468,4501,5772,7046,8320,9591,10862,12133
ESN	553,1827,3101,3860,5131,6405,7679,8950,10221,11492
ETK	297,1571,2845,3604,4875,6149,7423,8694,9965,11236
EVA	1187,2461,4494,5765,7039,8313,9584,10855,12126
EVF	339,779,1613,2053,2887,3646,4086,4917,5357,6191,6631,7465,7905,8736,9176,10007,10447,11278,11718
EVP	618,1892,3166,3925,5196,6470,7744,9015,10286,11557
EVQ	989,2263,4296,5567,6841,8115,9386,10657,11928
EVR	405,1679,2953,3712,4983,6257,7531,8802,10073,11344
EYV	168,1442,2716,3475,4746,6020,7294,8565,9836,11107
FAM	897,2171,4204,5475,6749,8023,9294,10565,11836
FAQ	781,2055,4088,5359,6633,7907,9178,10449,11720
FAS	91,346,1365,1620,2639,2894,3399,3653,4670,4924,5943,6198,7217,7472,8489,8743,9760,10014,11031,11285
FCG	1041,2315,4348,5619,6893,8167,9438,10709,11980
FCN	134,1408,2682,3442,4713,5986,7260,8532,9803,11074
FCT	758,2032,3306,4065,5336,6610,7884,9155,10426,11697
FDE	1255,2529,4562,5833,7107,8381,9652,10923,12194
FDN	78,1352,2626,3386,4657,5930,7204,8476,9747,11018
FEL	514,1788,3062,3821,5092,6366,7640,8911,10182,11453
FER	463,1737,3011,3770,5041,6315,7589,8860,10131,11402
FEY	167,1441,2715,3474,4745,6019,7293,8564,9835,11106
FFS	57,1331,2605,3367,4638,5909,7183,8457,9728,10999
FGA	887,969,2161,2243,4194,4276,5465,5547,6739,6821,8013,8095,9284,9366,10555,10637,11826,11908
FGE	337,1611,2885,3644,4915,6189,7463,8734,10005,11276
FGG	591,796,1865,2070,3139,3898,4103,5169,5374,6443,6648,7717,7922,8988,9193,10259,10464,11530,11735
FGR	564,1838,3112,3871,5142,6416,7690,10232,11503
FGT	105,1379,2653,3413,4684,5957,7231,8503,9774,11045
FHA	64,1338,2612,3374,4645,5916,7190,8464,9735,11006
FIA	1219,2493,4526,5797,7071,8345,9616,10887,12158
FIE	816,2090,4123,5394,6668,7942,9213,10484,11755
FIK	832,2106,4139,5410,6684,7958,9229,10500,11771
FKC	376,1650,2924,3683,4954,6228,7502,8773,10044,11315
FKE	1147,2421,4454,5725,6999,8273,9544,10815,12086
FKI	200,1474,2748,3507,4778,6052,7326,8597,9868,11139
FKN	185,193,1155,1459,1467,2429,2733,2741,3492,3500,4462,4763,4771,5733,6037,6045,7007,7311,7319,8281,8582,8590,9552,9853,9861,10823,11124,11132,12094
FLG	139,1413,2687,3447,4718,5991,7265,8537,9808,11079
FLH	1061,2335,4368,5639,6913,8187,9458,10729,12000
FLL	274,1548,2822,3581,4852,6126,7400,8671,9942,11213
FLM	174,1448,2722,3481,4752,6026,7300,8571,9842,11113
FLP	54,558,1328,1832,2602,3106,3364,3865,4635,5136,5906,6410,7180,7684,8454,8955,9725,10226,10996,11497
FLV	3,1277,2551,3313,4584,5855,7129,8403,9674,10945
FNA	341,1615,2889,3648,4919,6193,7467,8738,10009,11280
FNC	485,1759,3033,3792,5063,6337,7611,8882,10153,11424
FND	85,1359,2633,3393,4664,5937,7211,8483,9754,11025
FNF	540,799,1814,2073,3088,3847,4106,5118,5377,6392,6651,7666,7925,8937,9196,10208,10467,11479
FNG	542,854,905,1816,2128,2179,3090,3849,4161,4212,5120,5432,5483,6394,6706,6757,7668,7980,8031,8939,9251,9302,10210,10522,10573,11481,11793,11844
FNK	822,2096,4129,5400,6674,7948,9219,10490,11761
FNS	926,2200,4233,5504,6778,8052,9323,10594,11865
FPL	489,3037,3796,5067,6341,7615,8886,10157,11428
FPN	328,1602,2876,3635,4906,6180,7454,8725,9996,11267
FPQ	1051,2325,4358,5629,6903,8177,9448,10719,11990
FPR	1088,2362,4395,5666,6940,8214,9485,10756,12027
FQF	132,1406,2680,3440,4711,5984,7258,8530,9801,11072
FQP	496,1770,3044,3803,5074,6348,7622,8893,10164,11435
FQQ	561,1835,3109,3868,5139,6413,7687,8958,10229,11500
FQT	237,642,1511,1916,2785,3190,3544,3949,4815,5220,6089,6494,7363,7768,8634,9039,9905,10310,11176,11581
FRK	455,1729,3003,3762,5033,6307,7581,8852,10123,11394
FRS	42,1316,2590,3352,4623,5894,7168,8442,9713,10984
FRV	156,317,1430,1591,2704,2865,3463,3624,4734,4895,6008,6169,7282,7443,8553,8714,9824,9985,11095,11256
FSA	219,1493,2767,3526,4797,6071,8616,9887,11158
FSN	58,1332,2606,3368,4639,5910,7184,8458,9729,11000
FSQ	801,1285,2075,4108,5379,6653,7927,9198,10469,11740
FST	373,1647,2921,3680,4951,6225,7499,8770,10041,11312
FSV	7345
FTG	428,1702,2976,3735,5006,6280,7554,8825,10096,11367
FTI	717,1991,3265,4024,5295,6569,7843,9114,10385,11656
FTN	391,1665,2939,3698,4969,6243,7517,8788,10059,11330
FTR	31,1305,2579,3341,4612,5883,7157,8431,9702,10973
FTT	1074,2348,3327,4381,5652,6926,7143,8200,9471,10742,12013
FTV	305,1579,2853,3612,4883,6157,7431,8702,9973,11244
FVF	1,191,1275,1465,2549,2739,3311,3498,4582,4769,5853,6043,7127,7317,8401,8588,9672,9859,10943,11130
FVI	399,1673,2947,3706,4977,6251,7525,8796,10067,11338
FVS	1094,1120,2368,2394,4401,4427,5672,5698,6946,6972,8220,8246,9491,9517,10762,10788,12033,12059
FVT	1102,2376,4409,5680,6954,8228,9499,10770,12041
FXF	11738
FYE	1108,2382,4415,5686,6960,8234,9505,10776,12047
GAA	260,890,1534,2164,2808,3567,4197,4838,5468,6112,6742,7386,8016,8657,9287,9928,10558,11199,11829
GAE	651,699,1925,1973,3247,3958,4006,5229,5277,6503,6551,7777,7825,9048,9096,10319,10367,11590,11638
GAG	666,888,1940,2162,3214,3973,4195,5244,5466,6518,6740,7792,8014,9063,9285,10334,10556,11605,11827
GAI	970,2244,4277,5548,6822,8096,9367,10638,11909
GAQ	3199
GCC	1245,2519,4552,5823,7097,8371,9642,10913,12184
GCL	647,1921,3195,3954,5225,6499,7773,9044,10315,11586
GCV	430,1704,2978,3737,5008,6282,7556,8827,10098,11369
GDC	837,2111,4144,5415,6689,7963,9234,10505,11776
GDE	403,1677,2951,3710,4981,6255,7529,8800,10071,11342
GDI	841,1166,2115,2440,4148,4473,5419,5744,6693,7018,7967,8292,9238,9563,10509,10834,11780,12105
GDS	251,743,1525,2017,2799,3291,3558,4050,4829,5321,6103,6595,7377,7869,8648,9140,9919,10411,11190,11682
GEV	338,1612,2886,3645,4916,6190,7464,8735,10006,11277
GFI	831,1218,2105,2492,4138,4525,5409,5796,6683,7070,7957,8344,9228,9615,10499,10886,11770,12157
GFN	484,798,1758,2072,3032,3791,4105,5062,5376,6336,6650,7610,7924,8881,9195,10152,10466,11423
GFQ	495,1769,3043,3802,5073,6347,7621,8892,10163,11434
GFS	218,1492,2766,3525,4796,6070,7344,8615,9886,11157
GFX	11737
GGF	797,2071,4104,5375,6649,7923,9194,10465,11736
GGN	445,1719,2993,3752,5023,6297,7571,8842,10113,11384
GGV	592,1866,3140,3899,5170,6444,7718,8989,10260,11531
GIA	768,2042,4075,5346,6620,7894,9165,10436,11707
GIC	668,1942,3216,3975,5246,6520,7794,9065,10336,11607
GIG	907,2181,4214,5485,6759,8033,9304,10575,11846
GIN	231,1170,1505,2444,2779,3538,4477,4809,5748,6083,7022,7357,8296,8628,9567,9899,10838,11170,12109
GIV	1130,2404,4437,5708,6982,8256,9527,10798,12069
GIY	310,1584,2858,3617,4888,6162,7436,8707,9978,11249
GKA	1084,2358,4391,5662,6936,8210,9481,10752,12023
GKG	1043,2317,4350,5621,6895,8169,9440,10711,11982
GKI	415,931,1689,2205,2963,3722,4238,4993,5509,6267,6783,7541,8057,8812,9328,10083,10599,11354,11870
GKL	945,2219,4252,5523,6797,8071,9342,10613,11884
GKQ	180,1454,2728,3487,4758,6032,7306,8577,9848,11119
GKY	1203,2477,4510,5781,7055,8329,9600,10871,12142
GLI	1222,2496,4529,5800,7074,8348,9619,10890,12161
GLT	544,856,1818,2130,3092,3851,4163,5122,5434,6396,6708,7670,7982,8941,9253,10212,10524,11483,11795
GNC	1123,2397,4430,5701,6975,8249,9520,10791,12062
GNF	183,1457,2731,3490,4761,6035,7309,8580,9851,11122
GNY	446,1720,2994,3753,5024,6298,7572,8843,10114,11385
GPK	525,1799,3073,3832,5103,6377,7651,8922,10193,11464
GQS	1034,2308,4341,5612,6886,8160,9431,10702,11973
GQT	412,1686,2960,3719,4990,6264,7538,8809,10080,11351
GRD	565,1839,3113,3872,5143,6417,7691,8962,10233,11504
GRL	998,2272,4305,5576,6850,8124,9395,10666,11937
GSC	1250,2524,4557,5828,7102,8376,9647,10918,12189
GSF	756,2030,3304,4063,5334,6608,7882,9153,10424,11695
GSN	638,1912,3186,3945,5216,6490,7764,9035,10306,11577
GST	475,1749,3023,3782,5053,6327,7601,8872,10143,11414
GTG	547,1821,3095,3854,5125,6399,7673,8944,10215,11486
GTH	1098,2372,4405,5676,6950,8224,9495,10766,12037
GTI	282,879,1556,2153,2830,3589,4186,4860,5457,6134,6731,7408,8005,8679,9276,9950,10547,11221,11818
GTK	74,1348,2622,3382,4653,5926,7200,8472,9743,11014
GTN	71,600,1345,1874,2619,3148,3379,3907,4650,5178,5923,6452,7197,7726,8469,8997,9740,10268,11011,11539
GTT	106,1380,2654,3414,4685,5958,7232,8504,9775,11046
GVE	481,1755,3029,3788,5059,6333,7607,8878,10149,11420
GVF	1092,2366,4399,5670,6944,8218,9489,10760,12031
GVG	501,1775,3049,3808,5079,6353,7627,8898,10169,11440
GVK	1266,2540,4573,5844,7118,8392,9663,10934,12205
GVL	549,1823,3097,3856,5127,6401,7675,8946,10217,11488
GVN	1887,3161,3920,5191,6465,7739,9010,10281,11552
GVS	380,593,1654,1867,2928,3141,3687,3900,4958,5171,6232,6445,7506,7719,8777,8990,10048,10261,11319,11532
GVT	909,2183,4216,5487,6761,8035,9306,10577,11848
GVV	1058,2332,4365,5636,6910,8184,9455,10726,11997
GVY	34,88,141,1308,1362,1415,2582,2636,2689,3344,3396,3449,4615,4667,4720,5886,5940,5993,7160,7214,7267,8434,8486,8539,9705,9757,9810,10976,11028,11081
GWI	102,1376,2650,3410,4681,5954,7228,8500,9771,11042
GWT	256,884,1530,2158,2804,3563,4191,4834,5462,6108,6736,7382,8010,8653,9281,9924,10552,11195,11823
GYF	198,1472,2746,3505,4776,6050,7324,8595,9866,11137
GYH	1045,2319,4352,5623,6897,8171,9442,10713,11984
GYL	267,1541,2815,3574,4845,6119,7393,8664,9935,11206
GYQ	503,1777,3051,3810,5081,6355,7629,8900,10171,11442
HAD	624,1898,3172,3931,5202,6476,7750,9021,10292,11563
HAI	65,1339,2613,3375,4646,5917,7191,8465,9736,11007
HAP	518,1792,3066,3825,5096,6370,7644,8915,10186,11457
HDG	1082,2356,4389,5660,6934,8208,9479,10750,12021
HFP	1087,2361,4394,5665,6939,8213,9484,10755,12026
HGV	1057,2331,4364,5635,6909,8183,9454,10725,11996
HKN	145,1419,2693,3452,4723,5997,7271,8542,9813,11084
HLM	1047,2321,4354,5625,6899,8173,9444,10715,11986
HNT	4424,5695,9514,10785,12056
HRR	3987,5258,9077,10348,11619
HRS	244,1518,2792,3551,4822,6096,7370,8641,9912,11183
HST	48,1322,2596,3358,4629,5900,7174,8448,9719,10990
HTP	206,1480,2754,3513,4784,6058,7332,8603,9874,11145
HTS	1158,2432,4465,5736,7010,8284,9555,10826,12097
HVN	654,1928,3202,3961,5232,6506,7780,9051,10322,11593
HVS	68,1342,2616,5920,7194
HVT	1063,2337,4370,5641,6915,8189,9460,10731,12002
HWF	1100,2374,4407,5678,6952,8226,9497,10768,12039
HYT	1270,2544,4577,5848,7122,8396,9667,10938,12209
IAA	843,2117,4150,5421,6695,7969,9240,10511,11782
IAD	417,568,1691,1842,2965,3116,3724,4995,6269,6420,7543,7694,8814,10085,11356
IAG	1220,2494,4527,5798,7072,8346,9617,10888,12159
IAI	711,1224,1985,2498,3259,4018,4531,5289,5802,6563,7076,7837,8350,9108,9621,10379,10892,11650,12163
IAN	922,2196,4229,5500,6774,8048,9319,10590,11861
IAP	409,1683,2957,3716,4987,6261,7535,8806,10077,11348
IAQ	869,2143,4176,5447,6721,7995,9266,10537,11808
IAV	769,2043,4076,5347,6621,7895,9166,10437,11708
IAW	433,1707,2981,3740,5011,6285,7559,8830,10101,11372
IAY	692,1966,3240,3999,5270,6544,7818,9089,10360,11631
ICA	669,849,1943,2123,3217,3976,4156,5247,5427,6521,6701,7795,7975,9066,9246,10337,10517,11608,11788
ICG	741,2015,3289,4048,5319,6593,7867,9138,10409,11680
ICH	1080,2354,4387,5658,6932,8206,9477,10748,12019
IDD	3875,5146,8965,10236,11507
IDG	196,1470,2744,3503,4774,6048,7322,8593,9864,11135
IDL	1197,2471,4504,5775,7049,8323,9594,10865,12136
IDR	992,1182,2266,2456,4299,4489,5570,5760,6844,7034,8118,8308,9389,9579,10660,10850,11931,12121
IED	817,2091,4124,5395,6669,7943,9214,10485,11756
IFG	104,1378,2652,3412,4683,5956,7230,8502,9773,11044
IGA	650,665,1924,1939,3198,3213,3957,3972,5228,5243,6502,6517,7776,7791,9047,9062,10318,10333,11589,11604
IGI	230,1129,1504,2403,2778,3537,4436,4808,5707,6082,6981,7356,8255,8627,9526,9898,10797,11169,12068
IGK	930,2204,4237,5508,6782,8056,9327,10598,11869
IGV	908,2182,4215,5486,6760,8034,9305,10576,11847
IHA	623,1897,3171,3930,5201,6475,7749,9020,10291,11562
IHV	67,1341,2615,5919,7193
IIA	691,1965,3239,3998,5269,6543,7817,9088,10359,11630
IIR	99,1373,2647,3407,4678,5951,7225,8497,9768,11039
IIT	1113,2387,4420,5691,6965,8239,9510,10781,12052
IKD	793,2067,4100,5371,6645,7919,9190,10461,11732
IKQ	833,2107,4140,5411,6685,7959,9230,10501,11772
IKV	127,1401,2675,3435,4706,5979,7253,8525,9796,11067
IKW	1209,2483,4516,5787,7061,8335,9606,10877,12148
ILA	4286,5557,9376,10647,11918
ILD	583,1857,3131,3890,5161,6435,7709,8980,10251,11522
ILP	725,804,1999,2078,3273,4032,4111,5303,5382,6577,6656,7851,7930,9122,9201,10393,10472,11664,11743
ILS	979,2253,6831,8105
IML	1231,2505,4538,5809,7083,8357,9628,10899,12170
INA	1171,2445,4478,5749,7023,8297,9568,10839,12110
INF	4022,5293,9112,10383,11654
INI	232,1506,2780,3539,4810,6084,7358,8629,9900,11171
INL	209,1483,2757,3516,4787,6061,7335,8606,9877,11148
IPF	895,2169,4202,5473,6747,8021,9292,10563,11834
IPI	663,1937,3211,3970,4020,5241,5291,6515,7789,9060,9110,10331,10381,11602,11652
IPT	713,1987,3261,6565,7839
IQD	933,2207,4240,5511,6785,8059,9330,10601,11872
IQK	1178,2452,4485,5756,7030,8304,9575,10846,12117
IRA	1012,1017,2286,2291,4319,4324,5590,5595,6864,6869,8138,8143,9409,9414,10680,10685,11951,11956
IRG	100,401,1374,1675,2648,2949,3408,3708,4679,4979,5952,6253,7226,7527,8498,8798,9769,10069,11040,11340
ISG	1168,2442,3377,4475,4648,5746,7020,8294,8467,9565,9738,10836,11009,12107
ISN	357,1631,2905,3664,4935,6209,7483,8754,10025,11296
ISS	972,2246,4279,5550,6824,8098,9369,10640,11911
IST	467,1741,3015,3774,5045,6319,7593,8864,10135,11406
ISV	719,1993,3267,4026,5297,6571,7845,9116,10387,11658
ITD	284,1558,2832,3591,4862,6136,7410,8681,9952,11223
ITG	996,2270,4303,5574,6848,8122,9393,10664,11935
ITN	331,1605,2879,3638,4909,6183,7457,8728,9999,11270
ITP	586,597,1860,1871,3134,3145,3893,3904,5164,5175,6438,6449,7712,7723,8983,8994,10254,10265,11525,11536
ITR	234,1508,2782,3541,4812,6086,7360,8631,9902,11173
ITS	881,2155,4188,5459,6733,8007,9278,10549,11820
ITT	1114,2388,4421,5692,6966,8240,9511,10782,12053
IVM	1226,2500,4533,5804,7078,8352,9623,10894,12165
IVN	118,1131,1392,2405,2666,3426,4438,4697,5709,5970,6983,7244,8257,8516,9528,9787,10799,11058,12070
IVR	325,1599,2873,3632,4903,6177,7451,8722,9993,11264
IWL	1215,2489,4522,5793,7067,8341,9612,10883,12154
IYK	787,2061,4094,5365,6639,7913,9184,10455,11726
IYQ	311,471,1585,1745,2859,3019,3618,3778,4889,5049,6163,6323,7437,7597,8708,8868,9979,10139,11250,11410
IYS	202,1476,2750,3509,4780,6054,7328,8599,9870,11141
KAH	1085,2359,4392,5663,6937,8211,9482,10753,12024
KCT	299,1573,2847,3606,4877,6151,7425,8696,9967,11238
KCV	536,1810,3084,3843,5114,6388,7662,8933,10204,11475
KCY	377,1651,2925,3684,4955,6229,7503,8774,10045,11316
KDF	794,2068,4101,5372,6646,7920,9191,10462,11733
KEE	1148,2422,4455,5726,7000,8274,9545,10816,12087
KEI	1180,2454,4487,5758,7032,8306,9577,10848,12119
KFD	1254,2528,4561,5832,7106,8380,9651,10922,12193
KFL	557,1831,3105,3864,5135,6409,7683,8954,10225,11496
KFN	853,2127,4160,5431,6705,7979,9250,10521,11792
KGC	1244,2518,4551,5822,7096,8370,9641,10912,12183
KGI	309,1583,2857,3616,4887,6161,7435,8706,9977,11248
KGV	1265,2539,4572,5843,7117,8391,9662,10933,12204
KGY	1044,2318,4351,5622,6896,8170,9441,10712,11983
KHT	205,1479,2753,3512,4783,6057,7331,8602,9873,11144
KIA	416,1690,2964,3723,4994,6268,7542,8813,10084,11355
KIQ	932,2206,4239,5510,6784,8058,9329,10600,11871
KIY	201,1475,2749,3508,4779,6053,7327,8598,9869,11140
KKF	556,1830,3104,3863,5134,6408,7682,8953,10224,11495
KKS	527,1801,3075,3834,5105,6379,7653,8924,10195,11466
KLH	1268,2542,4575,5846,7120,8394,9665,10936,12207
KLI	920,2194,4227,5498,6772,8046,9317,10588,11859
KLN	385,1659,2933,3692,4963,6237,7511,8782,10053,11324
KLP	423,1697,2971,3730,5001,6275,7549,8820,10091,11362
KLQ	946,2220,4253,5524,6798,8072,9343,10614,11885
KLS	7936
KMS	1027,2301,4334,5605,6879,8153,9424,10695,11966
KNF	1072,2346,4379,5650,6924,8198,9469,10740,12011
KNH	1156,2430,4463,5734,7008,8282,9553,10824,12095
KNI	194,1468,2742,3501,4772,6046,7320,8591,9862,11133
KNK	534,1808,3082,3841,5112,6386,7660,8931,10202,11473
KNL	186,1190,1460,2464,2734,3493,4497,4764,5768,6038,7042,7312,8316,8583,9587,9854,10858,11125,12129
KNN	146,1420,2694,3453,4724,5998,7272,8543,9814,11085
KNT	775,2049,4082,5353,6627,7901,9172,10443,11714
KPF	461,1735,3009,3768,5039,6313,7587,8858,10129,11400
KPS	810,2084,4117,5388,6662,9207,10478,11749
KQG	181,1455,2729,3488,4759,6033,7307,8578,9849,11120
KQI	785,2059,4092,5363,6637,7911,9182,10453,11724
KQL	963,2237,4270,5541,6815,8089,9360,10631,11902
KQY	834,2108,4141,5412,6686,7960,9231,10502,11773
KRF	76,1350,2624,3384,4655,5928,7202,8474,9745,11016
KRI	355,1629,2903,3662,4933,6207,7481,8752,10023,11294
KRS	813,2087,4120,5391,6665,7939,9210,10481,11752
KRV	1037,2311,4344,5615,6889,8163,9434,10705,11976
KSF	303,1577,2851,3610,4881,6155,7429,8700,9971,11242
KSN	96,457,1370,1731,2644,3005,3404,3764,4675,5035,5948,6309,7222,7583,8494,8854,9765,10125,11036,11396
KST	528,1802,3076,3835,5106,6380,7654,8925,10196,11467
KSW	149,1423,2697,3456,4727,6001,7275,8546,9817,11088
KTP	789,2063,4096,5367,6641,7915,9186,10457,11728
KTQ	112,1386,2660,3420,4691,5964,7238,8510,9781,11052
KTS	732,2006,3280,4039,5310,6584,7858,9129,10400,11671
KVC	128,1402,2676,3436,4707,5980,7254,8526,9797,11068
KVE	985,2259,4292,5563,6837,8111,9382,10653,11924
KVF	40,1314,2588,3350,4621,5892,7166,8440,9711,10982
KVG	443,1717,2991,3750,5021,6295,7569,8840,10111,11382
KVT	824,2098,4131,5402,6676,7950,9221,10492,11763
KWP	1210,2484,4517,5788,7062,8336,9607,10878,12149
KYE	1204,2478,4511,5782,7056,8330,9601,10872,12143
KYF	1153,2427,4460,5731,7005,8279,9550,10821,12092
KYN	277,1551,2825,3584,4855,6129,7403,8674,9945,11216
LAA	1023,2297,4330,5601,6875,8149,9420,10691,11962
LAD	827,2101,4134,5405,6679,7953,9224,10495,11766
LAG	877,2151,4184,5455,6729,8003,9274,10545,11816
LAL	241,1515,2789,3548,4819,6093,7367,8638,9909,11180
LAR	4287,5558,9377,10648,11919
LCC	1233,2507,4540,5811,7085,8359,9630,10901,12172
LCF	389,1663,2937,3696,4967,6241,7515,8786,10057,11328
LCP	334,1608,2882,3641,4912,6186,7460,8731,10002,11273
LDI	584,1858,3132,3891,5162,6436,7710,8981,10252,11523
LDK	983,1151,2257,2425,4290,4458,5561,5729,6835,7003,8109,8277,9380,9548,10651,10819,11922,12090
LDP	292,1566,2840,3599,4870,6144,7418,8689,9960,11231
LDS	109,440,1144,1383,1714,2418,2657,2988,3417,3747,4451,4688,5018,5722,5961,6292,6996,7235,7566,8270,8507,8837,9541,9778,10108,10812,11049,11379,12083
LEG	178,1452,2726,3485,4756,6030,7304,8575,9846,11117
LEI	581,1855,3129,3888,5159,6433,7707,8978,10249,11520
LEP	222,1496,2770,3529,4800,6074,7348,8619,9890,11161
LFL	53,1327,2601,3363,4634,5905,7179,8453,9724,10995
LFN	821,2095,4128,5399,6673,7947,9218,10489,11760
LFR	454,1728,3002,3761,5032,6306,7580,8851,10122,11393
LGA	698,1972,3246,4005,5276,6550,7824,9095,10366,11637
LGD	840,1165,2114,2439,4147,4472,5418,5743,6692,7017,7966,8291,9237,9562,10508,10833,11779,12104
LGF	1217,2491,4524,5795,7069,8343,9614,10885,12156
LGK	944,1202,2218,2476,4251,4509,5522,5780,6796,7054,8070,8328,9341,9599,10612,10870,11883,12141
LGQ	1033,2307,4340,5611,6885,8159,9430,10701,11972
LGR	8961
LGV	140,1414,2688,3448,4719,5992,7266,8538,9809,11080
LHA	517,1791,3065,3824,5095,6369,7643,8914,10185,11456
LHR	243,1517,2791,3550,4821,6095,7369,8640,9911,11182
LHS	47,1321,2595,3357,4628,5899,7173,8447,9718,10989
LHV	1062,2336,4369,5640,6914,8188,9459,10730,12001
LHY	1269,2543,4576,5847,7121,8395,9666,10937,12208
LIA	921,1223,2195,2497,4228,4530,5499,5801,6773,7075,8047,8349,9318,9620,10589,10891,11860,12162
LIC	848,2122,4155,5426,6700,7974,9245,10516,11787
LID	1196,2470,4503,5774,7048,8322,9593,10864,12135
LIG	649,1923,3197,3956,5227,6501,7775,9046,10317,11588
LIR	1011,2285,4318,5589,6863,8137,9408,10679,11950
LIT	995,2269,4302,5573,6847,8121,9392,10663,11934
LIV	117,1391,2665,3425,4696,5969,7243,8515,9786,11057
LKG	1243,1264,2517,2538,4550,4571,5821,5842,7095,7116,8369,8390,9640,9661,10911,10932,12182,12203
LKP	460,1734,3008,3767,5038,6312,7586,8857,10128,11399
LKS	302,1576,2850,3609,4880,6154,7428,8699,9970,11241
LKY	276,1550,2824,3583,4854,6128,7402,8673,9944,11215
LLA	240,876,1514,2150,2788,3547,4183,4818,5454,6092,6728,7366,8002,8637,9273,9908,10544,11179,11815
LLF	820,2094,4127,5398,6672,7946,9217,10488,11759
LLH	516,1790,3064,3823,5094,6368,7642,8913,10184,11455
LLI	116,1390,2664,3424,4695,5968,7242,8514,9785,11056
LLK	275,1549,2823,3582,4853,6127,7401,8672,9943,11214
LLL	751,2025,3299,4058,5329,6603,7877,9148,10419,11690
LLP	6,1280,2554,3316,4587,5858,7132,8406,9677,10948
LLQ	752,2026,3300,4059,5330,6604,7878,9149,10420,11691
LLT	863,2137,4170,5441,6715,7989,9260,10531,11802
LMD	175,1449,2723,3482,4753,6027,7301,8572,9843,11114
LMS	1048,2322,4355,5626,6900,8174,9445,10716,11987
LND	386,976,1660,2250,2934,3693,4283,4964,5554,6238,6828,7512,8102,8783,9373,10054,10644,11325,11915
LNE	1185,1192,2459,2466,4492,4499,5763,5770,7037,7044,8311,8318,9582,9589,10853,10860,12124,12131
LNR	762,2036,4069,5340,6614,7888,9159,10430,11701
LNT	958,2232,4265,5536,6810,8084,9355,10626,11897
LPD	424,805,1698,2079,2972,3731,4112,5002,5383,6276,6657,7550,7931,8821,9202,10092,10473,11363,11744
LPF	55,83,559,1329,1357,1833,2603,2631,3107,3365,3391,3866,4636,4662,5137,5907,5935,6411,7181,7209,7685,8455,8481,8956,9726,9752,10227,10997,11023,11498
LPI	228,1502,2776,3535,4806,6080,7354,8625,9896,11167
LPL	7,1281,2555,3317,4588,5859,7133,8407,9678,10949
LPP	23,860,1297,2134,2571,3333,4167,4604,5438,5875,6712,7149,7986,8423,9257,9694,10528,10965,11799
LPQ	215,1489,2763,3522,4793,6067,7341,8612,9883,11154
LPV	726,2000,3274,4033,5304,6578,7852,9123,10394,11665
LQD	947,2221,4254,5525,6799,8073,9344,10615,11886
LQE	1199,2473,4506,5777,7051,8325,9596,10867,12138
LQI	893,2167,4200,5471,6745,8019,9290,10561,11832
LQP	269,1140,1543,2414,2817,3576,4447,4847,5718,6121,6992,7395,8266,8666,9537,9937,10808,11208,12079
LQS	491,1000,1765,2274,3039,3798,4307,5069,5578,6343,6852,7617,8126,8888,9397,10159,10668,11430,11939
LQT	1003,2277,4310,5581,6855,8129,9400,10671,11942
LQY	753,2027,3301,4060,5331,6605,7879,9150,10421,11692
LRE	188,1462,2736,3495,4766,6040,7314,8585,9856,11127
LSE	295,1569,2843,3602,4873,6147,7421,8692,9963,11234
LSF	512,1786,3060,3819,5090,6364,7638,8909,10180,11451
LSK	7937
LSR	980,2254,6832,8106
LSS	937,965,2211,2239,4244,4272,5515,5543,6789,6817,8063,8091,9334,9362,10605,10633,11876,11904
LTD	864,2138,4171,5442,6716,7990,9261,10532,11803
LTE	551,1825,3099,3858,5129,6403,7677,8948,10219,11490
LTG	545,766,1819,2040,3093,3852,4073,5123,5344,6397,6618,7671,7892,8942,9163,10213,10434,11484,11705
LTP	248,628,1522,1902,2796,3176,3555,3935,4826,5206,6100,6480,7374,7754,8645,9025,9916,10296,11187,11567
LTT	17,1291,2565,4598,5869,8417,9688,10959
LTV	857,2131,4164,5435,6709,7983,9254,10525,11796
LVD	225,1499,2773,3532,4803,6077,7351,8622,9893,11164
LVF	1283
LVK	532,961,1806,2235,3080,3839,4268,5110,5539,6384,6813,7658,8087,8929,9358,10200,10629,11471,11900
LVL	4,1278,2552,3314,4585,5856,7130,8404,9675,10946
LVR	211,1485,2759,3518,4789,6063,7337,8608,9879,11150
LVS	9,2557,3319,4590,5861,7135,8409,9680,10951
LYE	915,2189,4222,5493,6767,8041,9312,10583,11854
LYN	367,1641,2915,3674,4945,6219,7493,8764,10035,11306
LYQ	610,1884,3158,3917,5188,6462,7736,9007,10278,11549
LYR	451,1725,2999,3758,5029,6303,7577,8848,10119,11390
MAY	901,2175,4208,5479,6753,8027,9298,10569,11840
MDL	176,1450,2724,3483,4754,6028,7302,8573,9844,11115
MES	152,1426,2700,3459,4730,6004,7278,8549,9820,11091
MFV	0,1274,2548,3310,4581,5852,7126,8400,9671,10942
MIA	868,2142,4175,5446,6720,7994,9265,10536,11807
MLC	1232,2506,4539,5810,7084,8358,9629,10900,12171
MQM	899,2173,4206,5477,6751,8025,9296,10567,11838
MSE	1028,2302,4335,5606,6880,8154,9425,10696,11967
MSF	1049,2323,4356,5627,6901,8175,9446,10717,11988
MSL	696,1970,3244,4003,5274,6548,7822,9093,10364,11635
MTK	730,2004,3278,4037,5308,6582,7856,9127,10398,11669
MTS	1236,2510,4543,5814,7088,8362,9633,10904,12175
MVT	1228,2502,4535,5806,7080,8354,9625,10896,12167
MYI	739,2013,3287,4046,5317,6591,7865,9136,10407,11678
NAQ	954,2228,4261,5532,6806,8080,9351,10622,11893
NAS	1172,2446,4479,5750,7024,8298,9569,10840,12111
NAT	121,342,1395,1616,2669,2890,3429,3649,4700,4920,5973,6194,7247,7468,8519,8739,9790,10010,11061,11281
NCD	1124,2398,4431,5702,6976,8250,9521,10792,12063
NCT	164,615,1438,1889,2712,3163,3471,3922,4742,5193,6016,6467,7290,7741,8561,9012,9832,10283,11103,11554
NCV	359,1633,3666,4937,6211,7485,8756,10027,11298
NCY	486,1760,3034,3793,5064,6338,7612,8883,10154,11425
NDG	86,1360,2634,3394,4665,5938,7212,8484,9755,11026
NDI	977,2251,4284,5555,6829,8103,9374,10645,11916
NDL	387,1661,2935,3694,4965,6239,7513,8784,10055,11326
NDP	136,1410,2684,3444,4715,5988,7262,8534,9805,11076
NEN	279,1553,2827,3586,4857,6131,7405,8676,9947,11218
NES	1193,2467,4500,5771,7045,8319,9590,10861,12132
NEV	1186,2460,4493,5764,7038,8312,9583,10854,12125
NFG	968,2242,4275,5546,6820,8094,9365,10636,11907
NFK	184,1458,2732,3491,4762,6036,7310,8581,9852,11123
NFN	539,541,1813,1815,3087,3089,3846,3848,5117,5119,6391,6393,7665,7667,8936,8938,10207,10209,11478,11480
NFR	316,1590,2864,3623,4894,6168,7442,8713,9984,11255
NFS	800,2074,4107,5378,6652,7926,9197,10468
NFT	716,1073,1990,2347,3264,3326,4023,4380,5294,5651,6568,6925,7142,7842,8199,9113,9470,10384,10741,11655,12012
NFY	1107,2381,4414,5685,6959,8233,9504,10775,12046
NGI	906,2180,4213,5484,6758,8032,9303,10574,11845
NGL	543,855,1817,2129,3091,3850,4162,5121,5433,6395,6707,7669,7981,8940,9252,10211,10523,11482,11794
NGT	73,281,1097,1347,1555,2371,2621,2829,3381,3588,4404,4652,4859,5675,5925,6133,6949,7199,7407,8223,8471,8678,9494,9742,9949,10765,11013,11220,12036
NGV	480,500,1754,1774,3028,3048,3787,5058,6332,6352,7606,7626,8877,10148,11419
NHT	1157,2431,4464,5735,7009,8283,9554,10825,12096
NID	195,1469,2743,3502,4773,6047,7321,8592,9863,11134
NII	98,1372,2646,3406,4677,5950,7224,8496,9767,11038
NIQ	1177,2451,4484,5755,7029,8303,9574,10845,12116
NIT	233,330,1507,1604,2781,2878,3540,3637,4811,4908,6085,6182,7359,7456,8630,8727,9901,9998,11172,11269
NKC	535,1809,3083,3842,5113,6387,7661,8932,10203,11474
NKK	555,1829,3103,3862,5133,6407,7681,8952,10223,11494
NKS	148,1422,2696,3455,4726,6000,7274,8545,9816,11087
NKV	823,2097,4130,5401,6675,7949,9220,10491,11762
NLA	1022,2296,4329,5600,6874,8148,9419,10690,11961
NLC	333,1607,2881,3640,4911,6185,7459,8730,10001,11272
NLD	439,1713,2987,3746,5017,6291,7565,8836,10107,11378
NLK	459,1733,3007,3766,5037,6311,7585,8856,10127,11398
NLL	750,2024,3298,4057,5328,6602,7876,9147,10418,11689
NLN	1191,2465,4498,5769,7043,8317,9588,10859,12130
NLR	187,1461,2735,3494,4765,6039,7313,8584,9855,11126
NLT	16,1290,2564,4597,5868,8416,9687,10958
NLV	210,531,1484,1805,2758,3079,3517,3838,4788,5109,6062,6383,7336,7657,8607,8928,9878,10199,11149,11470
NNA	120,1394,2668,3428,4699,5972,7246,8518,9789,11060
NNC	163,1437,2711,3470,4741,6015,7289,8560,9831,11102
NNK	147,1421,2695,3454,4725,5999,7273,8544,9815,11086
NNL	438,1712,2986,3745,5016,6290,7564,8835,10106,11377
NNS	656,708,1930,1982,3204,3256,3963,4015,5234,5286,6508,6560,7782,7834,9053,9105,10324,10376,11595,11647
NNT	1133,2407,4440,5711,6985,8259,9530,10801,12072
NPV	80,1354,2628,3388,4659,5932,7206,8478,9749,11020
NQF	924,2198,4231,5502,6776,8050,9321,10592,11863
NQK	918,2192,4225,5496,6770,8044,9315,10586,11857
NQN	952,2226,4259,5530,6804,8078,9349,10620,11891
NQV	605,1879,3153,3912,5183,6457,7731,9002,10273,11544
NRA	763,2037,4070,5341,6615,7889,9160,10431,11702
NRK	353,1627,2901,3660,4931,6205,7479,8750,10021,11292
NSA	369,927,1643,2201,2917,3676,4234,4947,5505,6221,6779,7495,8053,8766,9324,10037,10595,11308,11866
NSF	29,1303,2577,3339,4610,5881,7155,8429,9700,10971
NSH	3985,5256,9075,10346,11617
NSI	709,1983,3257,4016,5287,6561,7835,9106,10377,11648
NSN	436,1710,2984,3743,5014,6288,7562,8833,10104,11375
NSP	678,1952,3226,6530,7804
NSV	702,1976,3250,4009,5280,6554,7828,9099,10370,11641
NSY	657,1931,3205,3964,5235,6509,7783,9054,10325,11596
NTF	1118,2392,4425,5696,6970,8244,9515,10786,12057
NTL	959,2233,4266,5537,6811,8085,9356,10627,11898
NTQ	776,2050,4083,5354,6628,7902,9173,10444,11715
NTS	602,1876,3150,3909,5180,6454,7728,8999,10270,11541
NTV	1134,2408,2907,4441,5712,6986,8260,9531,10802,12073
NVF	640,1914,3188,3947,5218,6492,7766,9037,10308,11579
NVL	913,2187,4220,5491,6765,8039,9310,10581,11852
NVT	60,1334,2608,3370,4641,5912,7186,8460,9731,11002
NVV	124,1398,2672,3432,4703,5976,7250,8522,9793,11064
NVY	393,1667,2941,3700,4971,6245,7519,8790,10061,11332
NYK	421,1695,2969,3728,4999,6273,7547,8818,10089,11360
NYL	449,1723,2997,3756,5027,6301,7575,8846,10117,11388
NYN	447,1721,2995,3754,5025,6299,7573,8844,10115,11386
PAI	1078,2352,4385,5656,6930,8204,9475,10746,12017
PAQ	1068,2342,4375,5646,6920,8194,9465,10736,12007
PAT	520,1794,3068,3827,5098,6372,7646,8917,10188,11459
PAY	25,1299,2573,3335,4606,5877,7151,8425,9696,10967
PCN	478,1752,3026,3785,5056,6330,7604,8875,10146,11417
PCS	588,1862,3136,3895,5166,6440,7714,8985,10256,11527
PDD	425,1699,2973,3732,5003,6277,7551,8822,10093,11364
PDK	38,1312,2586,3348,4619,5890,7164,8438,9709,10980
PDP	806,2080,4113,5384,6658,7932,9203,10474,11745
PDV	1161,2435,4468,5739,7013,8287,9558,10829,12100
PEL	1142,2416,4449,5720,6994,8268,9539,10810,12081
PFA	896,2170,4203,5474,6748,8022,9293,10564,11835
PFE	462,1736,3010,3769,5040,6314,7588,8859,10130,11401
PFF	56,1330,2604,3366,4637,5908,7182,8456,9727,10998
PFG	336,1610,2884,3643,4914,6188,7462,8733,10004,11275
PFL	138,173,1412,1447,2686,2721,3446,3480,4717,4751,5990,6025,7264,7299,8536,8570,9807,9841,11078,11112
PFN	84,1358,2632,3392,4663,5936,7210,8482,9753,11024
PFQ	560,1834,3108,3867,5138,6412,7686,8957,10228,11499
PGD	250,1524,2798,3557,4828,6102,7376,8647,9918,11189
PGQ	411,1685,2959,3718,4989,6263,7537,8808,10079,11350
PGT	599,1873,3147,3906,5177,6451,7725,8996,10267,11538
PHG	1056,2330,4363,5634,6908,8182,9453,10724,11995
PIG	229,664,1503,1938,2777,3212,3536,3971,4807,5242,6081,6516,7355,7790,8626,9061,9897,10332,11168,11603
PIK	792,2066,4099,5370,6644,7918,9189,10460,11731
PIN	208,1482,2756,3515,4021,4786,5292,6060,7334,8605,9111,9876,10382,11147,11653
PKK	526,1800,3074,3833,5104,6378,7652,8923,10194,11465
PLL	862,2136,4169,5440,6714,7988,9259,10530,11801
PLQ	490,1139,1764,2413,3038,3797,4446,5068,5717,6342,6991,7616,8265,8887,9536,10158,10807,11429,12078
PLS	294,1568,2842,3601,4872,6146,7420,8691,9962,11233
PLV	8,224,1282,1498,2556,2772,3318,3531,4589,4802,5860,6076,7134,7350,8408,8621,9679,9892,10950,11163
PNI	329,1603,2877,3636,4907,6181,7455,8726,9997,11268
PPA	24,1298,2572,3334,4605,5876,7150,8424,9695,10966
PPI	791,2065,4098,5369,6643,7917,9188,10459,11730
PPL	861,2135,4168,5439,6713,7987,9258,10529,11800
PQG	216,1490,2764,3523,4794,6068,7342,8613,9884,11155
PQI	1111,2385,4418,5689,6963,8237,9508,10779,12050
PQS	1052,2326,4359,5630,6904,8178,9449,10720,11991
PQT	578,1852,3126,3885,5156,6430,7704,8975,10246,11517
PRE	1089,2363,4396,5667,6941,8215,9486,10757,12028
PRR	680,1954,3228,6532,7806
PRT	271,1545,2819,3578,4849,6123,7397,8668,9939,11210
PSK	808,811,2082,2085,4115,4118,5386,5389,6660,6663,7934,9205,9208,10476,10479,11747,11750
PTE	321,1595,2869,3628,4899,6173,7447,8718,9989,11260
PTK	383,1657,2931,3690,4961,6235,7509,8780,10051,11322
PTN	498,714,1772,1988,3046,3262,6350,6566,7624,7840
PTW	630,1904,3178,3937,5208,6482,7756,9027,10298,11569
PTY	3805,5076,8895,10166,11437
PVA	620,1894,3168,3927,5198,6472,7746,9017,10288,11559
PVL	81,1262,1355,2536,2629,3389,4569,4660,5840,5933,7114,7207,8388,8479,9659,9750,10930,11021,12201
PVS	727,2001,3275,4034,5305,6579,7853,9124,10395,11666
PWY	1212,2486,4519,5790,7064,8338,9609,10880,12151
PYR	506,1780,3054,3813,5084,6358,7632,8903,10174,11445
QAG	473,1747,3021,3780,5051,6325,7599,8870,10141,11412
QAL	956,2230,4263,5534,6808,8082,9353,10624,11895
QCV	13,1287,2561,3323,4594,5865,7139,8413,9684,10955
QDK	773,2047,4080,5351,6625,7899,9170,10441,11712
QDL	51,1325,2599,3361,4632,5903,7177,8451,9722,10993
QDS	934,2208,4241,5512,6786,8060,9331,10602,11873
QDV	612,948,2222,4255,5526,6800,8074,9345,10616,11887
QEK	1070,2344,4377,5648,6922,8196,9467,10738,12009
QEL	1200,2474,4507,5778,7052,8326,9597,10868,12139
QEV	778,2052,4085,5356,6630,7904,9175,10446,11717
QFC	133,1407,2681,3441,4712,5985,7259,8531,9802,11073
QFG	563,1837,3111,3870,5141,6415,7689,10231,11502
QFN	925,2199,4232,5503,6777,8051,9322,10593,11864
QGF	217,1491,2765,3524,4795,6069,7343,8614,9885,11156
QGN	182,1456,2730,3489,4760,6034,7308,8579,9850,11121
QGV	1886,3160,3919,5190,6464,7738,9009,10280,11551
QHV	3201
QIA	408,1682,2956,3715,4986,6260,7534,8805,10076,11347
QID	991,2265,4298,5569,6843,8117,9388,10659,11930
QII	1112,2386,4419,5690,6964,8238,9509,10780,12051
QIL	803,2077,4110,5381,6655,7929,9200,10471,11742
QIP	894,2168,4201,5472,6746,8020,9291,10562,11833
QIY	786,2060,4093,5364,6638,7912,9183,10454,11725
QKE	1179,2453,4486,5757,7031,8305,9576,10847,12118
QKF	852,2126,4159,5430,6704,7978,9249,10520,11791
QKL	919,2193,4226,5497,6771,8045,9316,10587,11858
QLG	8960
QLI	1010,2284,4317,5588,6862,8136,9407,10678,11949
QLN	761,2035,4068,5339,6613,7887,9158,10429,11700
QLP	22,1296,2570,3332,4603,5874,7148,8422,9693,10964
QLS	964,2238,4271,5542,6816,8090,9361,10632,11903
QLT	627,1901,3175,3934,5205,6479,7753,9024,10295,11566
QMA	900,2174,4207,5478,6752,8026,9297,10568,11839
QNA	953,2227,4260,5531,6805,8079,9350,10621,11892
QNV	912,2186,4219,5490,6764,8038,9309,10580,11851
QPE	1141,2415,4448,5719,6993,8267,9538,10809,12080
QPF	172,1446,2720,3479,4750,6024,7298,8569,9840,11111
QPR	270,1544,2818,3577,4848,6122,7396,8667,9938,11209
QPT	320,497,1594,1771,2868,3045,3627,3804,4898,5075,6172,6349,7446,7623,8717,8894,9988,10165,11259,11436
QPY	505,1779,3053,3812,5083,6357,7631,8902,10173,11444
QQF	562,1836,3110,3869,5140,6414,7688,10230,11501
QQL	1009,2283,4316,5587,6861,8135,8959,9406,10677,11948
QRN	1105,2379,4412,5683,6957,8231,9502,10773,12044
QSA	1053,2327,4360,5631,6905,8179,9450,10721,11992
QSI	689,1963,3237,3996,5267,6541,7815,9086,10357,11628
QSK	1035,2309,4342,5613,6887,8161,9432,10703,11974
QSL	114,1001,1388,2275,2662,3422,4308,4693,5579,5966,6853,7240,8127,8512,9398,9783,10669,11054,11940
QSY	492,1766,3040,3799,5070,6344,7618,8889,10160,11431
QTG	413,1687,2961,3720,4991,6265,7539,8810,10081,11352
QTL	238,579,1512,1853,2786,3127,3545,3886,4816,5157,6090,6431,7364,7705,8635,8976,9906,10247,11177,11518
QTN	676,1950,3224,3983,5254,6528,7802,9073,10344,11615
QTQ	674,1948,3222,3981,5252,6526,7800,9071,10342,11613
QTR	643,1917,3191,3950,5221,6495,7769,9040,10311,11582
QTS	313,1587,2861,3620,4891,6165,7439,8710,9981,11252
QTY	1004,2278,4311,5582,6856,8130,9401,10672,11943
QVA	606,1880,3154,3913,5184,6458,7732,9003,10274,11545
QVK	783,2057,4090,5361,6635,7909,9180,10451,11722
QYG	754,835,2028,2109,3302,4061,4142,5332,5413,6606,6687,7880,7961,9151,9232,10422,10503,11693,11774
QYI	1207,2481,4514,5785,7059,8333,9604,10875,12146
QYT	871,2145,4178,5449,6723,7997,9268,10539,11810
RAA	1013,2287,4320,5591,6865,8139,9410,10681,11952
RAG	645,1919,3193,3952,5223,6497,7771,9042,10313,11584
RAL	764,2038,4071,5342,6616,7890,9161,10432,11703
RAR	682,1956,3230,3989,5260,6534,7808,9079,10350,11621
RAS	1018,2292,4325,5596,6870,8144,9415,10686,11957
RDI	465,566,1739,1840,3013,3114,3772,3873,5043,5144,6317,6418,7591,7692,8862,8963,10133,10234,11404,11505
RDL	213,846,1487,2120,2761,3520,4153,4791,5424,6065,6698,7339,7972,8610,9243,9881,10514,11152,11785
RDP	576,1850,3124,3883,5154,6428,7702,8973,10244,11515
REF	189,1463,2737,3496,4767,6041,7315,8586,9857,11128
REG	1090,2364,4397,5668,6942,8216,9487,10758,12029
RFA	345,1619,2893,3652,4923,6197,7471,8742,10013,11284
RFD	77,1351,2625,3385,4656,5929,7203,8475,9746,11017
RFN	904,2178,4211,5482,6756,8030,9301,10572,11843
RFP	327,1601,2875,3634,4905,6179,7453,8724,9995,11266
RFQ	236,1510,2784,3543,4814,6088,7362,8633,9904,11175
RGD	402,1676,2950,3709,4980,6254,7528,8799,10070,11341
RGV	33,1307,2581,3343,4614,5885,7159,8433,9704,10975
RGW	101,1375,2649,3409,4680,5953,7227,8499,9770,11041
RIS	356,1630,2904,3663,4934,6208,7482,8753,10024,11295
RKR	354,1628,2902,3661,4932,6206,7480,8751,10022,11293
RKS	456,1730,3004,3763,5034,6308,7582,8853,10124,11395
RLD	982,2256,4289,5560,6834,8108,9379,10650,11921
RLF	453,1727,3001,3760,5031,6305,7579,8850,10121,11392
RLI	994,2268,4301,5572,6846,8120,9391,10662,11933
RLN	1184,2458,4491,5762,7036,8310,9581,10852,12123
RLQ	999,2273,4306,5577,6851,8125,9396,10667,11938
RNF	1106,2380,4413,5684,6958,8232,9503,10774,12045
RQI	407,1681,2955,3714,4985,6259,7533,8804,10075,11346
RRA	681,1955,3229,3988,5259,6533,7807,9078,10349,11620
RSF	814,2088,4121,5392,6666,7940,9211,10482,11753
RSS	43,1317,2591,3353,4624,5895,7169,8443,9714,10985
RSV	684,1958,3232,3991,5262,6536,7810,9081,10352,11623
RSY	245,1519,2793,3552,4823,6097,7371,8642,9913,11184
RTF	272,1546,2820,3579,4850,6124,7398,8669,9940,11211
RTQ	20,1294,2568,3330,4601,5872,7146,8420,9691,10962
RVD	1038,2312,4345,5616,6890,8164,9435,10706,11977
RVQ	318,1592,2866,3625,4896,6170,7444,8715,9986,11257
RVV	508,1782,3056,3815,5086,6360,7634,8905,10176,11447
RVY	157,633,1431,1907,2705,3181,3464,3940,4735,5211,6009,6485,7283,7759,8554,9030,9825,10301,11096,11572
SAI	928,2202,4235,5506,6780,8054,9325,10596,11867
SAL	220,874,942,1494,2148,2216,2768,3527,4181,4249,4798,5452,5520,6072,6726,6794,8000,8068,8617,9271,9339,9888,10542,10610,11159,11813,11881
SAN	161,1020,1435,2294,2709,3468,4327,4739,5598,6013,6872,7287,8146,8558,9417,9829,10688,11100,11959
SAP	1054,2328,4361,5632,6906,8180,9451,10722,11993
SAS	370,1644,2918,3677,4948,6222,7496,8767,10038,11309
SCC	1238,1251,2512,2525,4545,4558,5816,5829,7090,7103,8364,8377,9635,9648,10906,10919,12177,12190
SCG	1248,2522,4555,5826,7100,8374,9645,10916,12187
SCL	1241,2515,4548,5819,7093,8367,9638,10909,12180
SEC	1029,2303,4336,5607,6881,8155,9426,10697,11968
SEF	154,1428,2702,3461,4732,6006,7280,8551,9822,11093
SEP	1260,2534,4567,5838,7112,8386,9657,10928,12199
SET	296,1570,2844,3603,4874,6148,7422,8693,9964,11235
SFC	757,2031,3305,4064,5335,6609,7883,9154,10425,11696
SFE	513,1787,3061,3820,5091,6365,7639,8910,10181,11452
SFG	590,1864,3138,3897,5168,6442,7716,8987,10258,11529
SFI	815,2089,4122,5393,6667,7941,9212,10483,11754
SFK	1146,2420,4453,5724,6998,8272,9543,10814,12085
SFP	1050,2324,4357,5628,6902,8176,9447,10718,11989
SFS	372,1646,2920,3679,4950,6224,7498,8769,10040,11311
SFT	30,304,1304,1578,2578,2852,3340,3611,4611,4882,5882,6156,7156,7430,8430,8701,9701,9972,10972,11243
SFV	398,1672,2946,3705,4976,6250,7524,8795,10066,11337
SGI	1169,2443,4476,5747,7021,8295,9566,10837,12108
SGN	1122,2396,4429,5700,6974,8248,9519,10790,12061
SGT	70,1344,2618,3378,4649,5922,7196,8468,9739,11010
SGW	255,883,1529,2157,2803,3562,4190,4833,5461,6107,6735,7381,8009,8652,9280,9923,10551,11194,11822
SHR	3986,5257,9076,10347,11618
SIA	710,1984,3258,4017,5288,6562,7836,9107,10378,11649
SII	690,1964,3238,3997,5268,6542,7816,9087,10358,11629
SIV	324,1598,2872,3631,4902,6176,7450,8721,9992,11263
SKH	204,1478,2752,3511,4782,6056,7330,8601,9872,11143
SKL	7935
SKP	809,2083,4116,5387,6661,9206,10477,11748
SKR	812,1036,2086,2310,4119,4343,5390,5614,6664,6888,7938,8162,9209,9433,10480,10704,11751,11975
SKT	111,1385,2659,3419,4690,5963,7237,8509,9780,11051
SKV	442,1716,2990,3749,5020,6294,7568,8839,10110,11381
SLG	697,1971,3245,4004,5275,6549,7823,9094,10365,11636
SLI	1195,2469,4502,5773,7047,8321,9592,10863,12134
SLL	115,1389,2663,3423,4694,5967,7241,8513,9784,11055
SLQ	1002,2276,4309,5580,6854,8128,9399,10670,11941
SLS	936,2210,4243,5514,6788,8062,9333,10604,11875
SMT	729,2003,3277,4036,5307,6581,7855,9126,10397,11668
SNC	358,1632,3665,4936,6210,7484,8755,10026,11297
SNF	315,967,1589,2241,2863,3622,4274,4893,5545,6167,6819,7441,8093,8712,9364,9983,10635,11254,11906
SNG	1096,2370,4403,5674,6948,8222,9493,10764,12035
SNI	97,1371,2645,3405,4676,5949,7223,8495,9766,11037
SNK	554,1828,3102,3861,5132,6406,7680,8951,10222,11493
SNL	458,749,1732,2023,3006,3297,3765,4056,5036,5327,6310,6601,7584,7875,8855,9146,10126,10417,11397,11688
SNN	437,707,1711,1981,2985,3255,3744,4014,5015,5285,6289,6559,7563,7833,8834,9104,10105,10375,11376,11646
SNQ	604,1878,3152,3911,5182,6456,7730,9001,10272,11543
SNT	2906
SNV	59,639,1333,1913,2607,3187,3369,3946,4640,5217,5911,6491,7185,7765,8459,9036,9730,10307,11001,11578
SPD	1160,2434,4467,5738,7012,8286,9557,10828,12099
SPR	679,1953,3227,6531,7805
SPT	382,1656,2930,3689,4960,6234,7508,8779,10050,11321
SQC	12,1286,2560,3322,4593,5864,7138,8412,9683,10954
SQI	802,2076,4109,5380,6654,7928,9199,10470,11741
SQP	171,1445,2719,3478,4749,6023,7297,8568,9839,11110
SQS	688,1962,3236,3995,5266,6540,7814,9085,10356,11627
SRL	981,2255,6833,8107
SSA	160,1434,2708,3467,4738,6012,7286,8557,9828,11099
SSG	254,1528,2802,3561,4832,6106,7380,8651,9922,11193
SSN	966,2240,4273,5544,6818,8092,9363,10634,11905
SSQ	11,2559,3321,4592,5863,7137,8411,9682,10953
SSS	253,1527,2801,3560,4831,6105,7379,8650,9921,11192
SST	938,2212,4245,5516,6790,8064,9335,10606,11877
SSV	44,973,1318,2247,2592,3354,4280,4625,5551,5896,6825,7170,8099,8444,9370,9715,10641,10986,11912
STA	939,2213,4246,5517,6791,8065,9336,10607,11878
STE	93,468,745,1367,1742,2019,2641,3016,3293,3401,3775,4052,4672,5046,5323,5945,6320,6597,7219,7594,7871,8491,8865,9142,9762,10136,10413,11033,11407,11684
STF	374,1648,2922,3681,4952,6226,7500,8771,10042,11313
STG	636,1910,3184,3943,5214,6488,7762,9033,10304,11575
STN	529,1803,3077,3836,5107,6381,7655,8926,10197,11468
STP	476,1750,3024,3783,5054,6328,7602,8873,10144,11415
STQ	49,1323,2597,3359,4630,5901,7175,8449,9720,10991
SVA	685,703,1959,1977,3233,3251,3992,4010,5263,5281,6537,6555,7811,7829,9082,9100,10353,10371,11624,11642
SVD	734,2008,3282,4041,5312,6586,7860,9131,10402,11673
SVI	595,1869,3143,3902,5173,6447,7721,8992,10263,11534
SVL	45,365,974,1319,1639,2248,2593,2913,3355,3672,4281,4626,4943,5552,5897,6217,6826,7171,7346,7491,8100,8445,8762,9371,9716,10033,10642,10987,11304,11913
SVT	720,1994,3268,4027,5298,6572,7846,9117,10388,11659
SVV	1174,2448,4481,5752,7026,8300,9571,10842,12113
SVY	348,1622,2896,3655,4926,6200,7474,8745,10016,11287
SWM	150,1424,2698,3457,4728,6002,7276,8547,9818,11089
SYE	658,1932,3206,3965,5236,6510,7784,9055,10326,11597
SYG	493,1767,3041,3800,5071,6345,7619,8890,10161,11432
SYL	246,1520,2794,3553,4824,6098,7372,8643,9914,11185
SYQ	672,1946,3220,3979,5250,6524,7798,9069,10340,11611
T*M	1272,2546,3308,4579,5850,7124,8398,9669,10940
TAG	258,1532,2806,3565,4836,6110,7384,8655,9926,11197
TAP	1076,2350,4383,5654,6928,8202,9473,10744,12015
TAS	940,2214,4247,5518,6792,8066,9337,10608,11879
TDA	285,572,1559,1846,2833,3120,3592,3879,4863,5150,6137,6424,7411,7698,8682,8969,9953,10240,11224,11511
TDE	865,2139,4172,5443,6717,7991,9262,10533,11804
TDN	1116,2390,6968,8242
TEC	746,2020,3294,4053,5324,6598,7872,9143,10414,11685
TEI	469,723,1743,1997,3017,3271,3776,4030,5047,5301,6321,6575,7595,7849,8866,9120,10137,10391,11408,11662
TEK	94,1368,2642,3402,4673,5946,7220,8492,9763,11034
TES	322,552,1596,1826,2870,3100,3629,3859,4900,5130,6174,6404,7448,7678,8719,8949,9990,10220,11261,11491
TEV	617,1891,3165,3924,5195,6469,7743,9014,10285,11556
TFE	166,1440,2714,3473,4744,6018,7292,8563,9834,11105
TFG	886,2160,4193,5464,6738,8012,9283,10554,11825
TFK	375,1649,2923,3682,4953,6227,7501,8772,10043,11314
TFL	273,1547,2821,3580,4851,6125,7399,8670,9941,11212
TFV	1119,2393,4426,5697,6971,8245,9516,10787,12058
TGC	429,1703,2977,3736,5007,6281,7555,8826,10097,11368
TGI	767,2041,4074,5345,6619,7893,9164,10435,11706
TGK	414,1688,2962,3721,4992,6266,7540,8811,10082,11353
TGR	997,2271,4304,5575,6849,8123,9394,10665,11936
TGS	637,1911,3185,3944,5215,6489,7763,9034,10305,11576
TGT	546,1820,3094,3853,5124,6398,7672,8943,10214,11485
TGV	548,1822,3096,3855,5126,6400,7674,8945,10216,11487
THN	4423,5694,9513,10784,12055
THW	1099,2373,4406,5677,6951,8225,9496,10767,12038
TIM	1230,2504,4537,5808,7082,8356,9627,10898,12169
TIS	718,1992,3266,4025,5296,6570,7844,9115,10386,11657
TIT	283,880,1557,2154,2831,3590,4187,4861,5458,6135,6732,7409,8006,8680,9277,9951,10548,11222,11819
TKC	298,1572,2846,3605,4876,6150,7424,8695,9966,11237
TKL	384,1658,2932,3691,4962,6236,7510,8781,10052,11323
TKM	1026,2300,4333,5604,6878,8152,9423,10694,11965
TKR	75,1349,2623,3383,4654,5927,7201,8473,9744,11015
TKT	731,2005,3279,4038,5309,6583,7857,9128,10399,11670
TLA	826,2100,4133,5404,6678,7952,9223,10494,11765
TLD	108,1382,2656,3416,4687,5960,7234,8506,9777,11048
TLE	580,1854,3128,3887,5158,6432,7706,8977,10248,11519
TLK	301,1575,2849,3608,4879,6153,7427,8698,9969,11240
TLL	239,1513,2787,3546,4817,6091,7365,8636,9907,11178
TLV	960,2234,4267,5538,6812,8086,9357,10628,11899
TMS	695,1969,3243,4002,5273,6547,7821,9092,10363,11634
TMY	738,2012,3286,4045,5316,6590,7864,9135,10406,11677
TNF	715,1989,3263,6567,7841
TNG	72,499,1346,1773,2620,3047,3380,4651,5924,6351,7198,7625,8470,9741,11012
TNL	332,530,1606,1804,2880,3078,3639,3837,4910,5108,6184,6382,7458,7656,8729,8927,10000,10198,11271,11469
TNS	28,677,1302,1951,2576,3225,3338,3984,4609,5255,5880,6529,7154,7803,8428,9074,9699,10345,10970,11616
TNT	601,1875,3149,3908,5179,6453,7727,8998,10269,11540
TNV	123,392,1397,1666,2671,2940,3431,3699,4702,4970,5975,6244,7249,7518,8521,8789,9792,10060,11063,11331
TPC	477,587,1751,1861,3025,3135,3784,3894,5055,5165,6329,6439,7603,7713,8874,8984,10145,10255,11416,11526
TPG	249,598,1523,1872,2797,3146,3556,3905,4827,5176,6101,6450,7375,7724,8646,8995,9917,10266,11188,11537
TPI	207,1481,2755,3514,4785,6059,7333,8604,9875,11146
TPP	790,2064,4097,5368,6642,7916,9187,10458,11729
TPT	629,1903,3177,3936,5207,6481,7755,9026,10297,11568
TQD	50,1324,2598,3360,4631,5902,7176,8450,9721,10992
TQE	777,2051,4084,5355,6629,7903,9174,10445,11716
TQL	21,760,1295,2034,2569,3331,4067,4602,5338,5873,6612,7147,7886,8421,9157,9692,10428,10963,11699
TQN	911,2185,4218,5489,6763,8037,9308,10579,11850
TQQ	1008,2282,4315,5586,6860,8134,9405,10676,11947
TQR	1104,2378,4411,5682,6956,8230,9501,10772,12043
TQS	113,1387,2661,3421,4692,5965,7239,8511,9782,11053
TQT	675,1949,3223,3982,5253,6527,7801,9072,10343,11614
TRA	644,1918,3192,3951,5222,6496,7770,9041,10312,11583
TRF	235,344,1509,1618,2783,2892,3542,3651,4813,4922,6087,6196,7361,7470,8632,8741,9903,10012,11174,11283
TRG	32,1306,2580,3342,4613,5884,7158,8432,9703,10974
TRT	19,1293,2567,3329,4600,5871,7145,8419,9690,10961
TSA	873,2147,4180,5451,6725,7999,9270,10541,11812
TSC	1237,2511,4544,5815,7089,8363,9634,10905,12176
TSG	882,2156,4189,5460,6734,8008,9279,10550,11821
TSN	314,603,1588,1877,2862,3151,3621,3910,4892,5181,6166,6455,7440,7729,8711,9000,9982,10271,11253,11542
TSP	1159,2433,4466,5737,7011,8285,9556,10827,12098
TSV	733,2007,3281,4040,5311,6585,7859,9130,10401,11672
TTA	1075,2349,4382,5653,6927,8201,9472,10743,12014
TTD	571,1115,1845,2389,3119,3878,5149,6423,6967,7697,8241,8968,10239,11510
TTE	722,1996,3270,4029,5300,6574,7848,9119,10390,11661
TTH	4422,5693,9512,10783,12054
TTL	107,1381,2655,3415,4686,5959,7233,8505,9776,11047
TTR	18,1292,2566,3328,4599,5870,7144,8418,9689,10960
TVA	2908
TVC	522,1796,3070,3829,5100,6374,7648,8919,10190,11461
TVE	306,1580,2854,3613,4884,6158,7432,8703,9974,11245
TVL	858,2132,4165,5436,6710,7984,9255,10526,11797
TVY	1135,2409,4442,5713,6987,8261,9532,10803,12074
TWF	62,1336,2610,3372,4643,5914,7188,8462,9733,11004
TWR	631,1905,3179,3938,5209,6483,7757,9028,10299,11570
TYG	3806,5077,8896,10167,11438
TYV	1005,1065,2279,2339,4312,4372,5583,5643,6857,6917,8131,8191,9402,9462,10673,10733,11944,12004
VAD	361,1635,2909,3668,4939,6213,7487,8758,10029,11300
VAI	621,1895,3169,3928,5199,6473,7747,9018,10289,11560
VAK	1188,2462,4495,5766,7040,8314,9585,10856,12127
VAS	686,1960,3234,3993,5264,6538,7812,9083,10354,11625
VAV	607,1881,3155,3914,5185,6459,7733,9004,10275,11546
VAY	704,1978,3252,4011,5282,6556,7830,9101,10372,11643
VCE	129,1403,2677,3437,4708,5981,7255,8527,9798,11069
VCG	523,1797,3071,3830,5101,6375,7649,8920,10191,11462
VDC	288,735,1562,2009,2836,3283,3595,4042,4866,5313,6140,6587,7414,7861,8685,9132,9956,10403,11227,11674
VDF	1039,2313,4346,5617,6891,8165,9436,10707,11978
VDL	226,1163,1500,2437,2774,3533,4470,4804,5741,6078,7015,7352,8289,8623,9560,9894,10831,11165,12102
VEA	986,2260,4293,5564,6838,8112,9383,10654,11925
VEG	482,1756,3030,3789,5060,6334,7608,8879,10150,11421
VEK	307,1581,2855,3614,4885,6159,7433,8704,9975,11246
VEQ	771,2045,4078,5349,6623,7897,9168,10439,11710
VFA	780,2054,4087,5358,6632,7906,9177,10448,11719
VFK	192,1466,2740,3499,4770,6044,7318,8589,9860,11131
VFL	2,1060,1276,2334,2550,3312,4367,4583,5638,5854,6912,7128,8186,8402,9457,9673,10728,10944,11999
VFN	340,1614,2888,3647,4918,6192,7466,8737,10008,11279
VFQ	641,1915,3189,3948,5219,6493,7767,9038,10309,11580
VFR	41,1315,2589,3351,4622,5893,7167,8441,9712,10983
VFS	1284
VFV	1093,2367,4400,5671,6945,8219,9490,10761,12032
VGG	444,1718,2992,3751,5022,6296,7570,8841,10112,11383
VGY	266,502,1540,1776,2814,3050,3573,3809,4844,5080,6118,6354,7392,7628,8663,8899,9934,10170,11205,11441
VIA	432,1706,2980,3739,5010,6284,7558,8829,10100,11371
VIG	1128,2402,4435,5706,6980,8254,9525,10796,12067
VIK	126,1400,2674,3434,4705,5978,7252,8524,9795,11066
VIR	400,1674,2948,3707,4978,6252,7526,8797,10068,11339
VIT	596,1870,3144,3903,5174,6448,7722,8993,10264,11535
VKL	1267,2541,4574,5845,7119,8393,9664,10935,12206
VKN	533,1807,3081,3840,5111,6385,7659,8930,10201,11472
VKQ	784,962,2058,2236,4091,4269,5362,5540,6636,6814,7910,8088,9181,9359,10452,10630,11723,11901
VLE	7347
VLG	1032,2306,4339,5610,6884,8158,9429,10700,11971
VLH	46,1320,2594,3356,4627,5898,7172,8446,9717,10988
VLK	1263,2537,4570,5841,7115,8389,9660,10931,12202
VLL	5,1279,2553,3315,4586,5857,7131,8405,9676,10947
VLN	975,2249,4282,5553,6827,8101,9372,10643,11914
VLP	82,859,1356,2133,2630,3390,4166,4661,5437,5934,6711,7208,7985,8480,9256,9751,10527,11022,11798
VLS	511,1785,3059,3818,5089,6363,7637,8908,10179,11450
VLT	550,1824,3098,3857,5128,6402,7676,8947,10218,11489
VLY	366,609,914,1640,1883,2188,2914,3157,3673,3916,4221,4944,5187,5492,6218,6461,6766,7492,7735,8040,8763,9006,9311,10034,10277,10582,11305,11548,11853
VMV	1227,2501,4534,5805,7079,8353,9624,10895,12166
VNC	614,1888,3162,3921,5192,6466,7740,9011,10282,11553
VNF	538,1812,3086,3325,3845,5116,6390,7141,7664,8935,10206,11477
VNI	1176,2450,4483,5754,7028,8302,9573,10844,12115
VNL	15,1289,2563,4596,5867,8415,9686,10957
VNN	119,655,1132,1393,1929,2406,2667,3203,3427,3962,4439,4698,5233,5710,5971,6507,6984,7245,7781,8258,8517,9052,9529,9788,10323,10800,11059,11594,12071
VNQ	951,2225,4258,5529,6803,8077,9348,10619,11890
VPA	1067,2341,4374,5645,6919,8193,9464,10735,12006
VPV	619,1893,3167,3926,5197,6471,7745,9016,10287,11558
VQI	990,2264,4297,5568,6842,8116,9387,10658,11929
VQP	319,1593,2867,3626,4897,6171,7445,8716,9987,11258
VRD	212,575,1486,1849,2760,3123,3519,3882,4790,5153,6064,6427,7338,7701,8609,8972,9880,10243,11151,11514
VRF	326,1600,2874,3633,4904,6178,7452,8723,9994,11265
VRQ	406,1680,2954,3713,4984,6258,7532,8803,10074,11345
VSG	69,1121,1343,2395,2617,4428,5699,5921,6973,7195,8247,9518,10789,12060
VSM	728,2002,3276,4035,5306,6580,7854,9125,10396,11667
VSN	1095,2369,4402,5673,6947,8221,9492,10763,12034
VSP	381,1655,2929,3688,4959,6233,7507,8778,10049,11320
VSQ	170,1444,2718,3477,4748,6022,7296,8567,9838,11109
VSS	10,2558,3320,4591,5862,7136,8410,9681,10952
VSV	594,1868,3142,3901,5172,6446,7720,8991,10262,11533
VTI	1229,2503,4536,5807,7081,8355,9626,10897,12168
VTL	825,2099,4132,5403,6677,7951,9222,10493,11764
VTQ	910,1007,1103,2184,2281,2377,4217,4314,4410,5488,5585,5681,6762,6859,6955,8036,8133,8229,9307,9404,9500,10578,10675,10771,11849,11946,12042
VTT	721,1995,3269,4028,5299,6573,7847,9118,10389,11660
VTW	61,1335,2609,3371,4642,5913,7187,8461,9732,11003
VTY	1064,2338,4371,5642,6916,8190,9461,10732,12003
VVF	1059,2333,4366,5637,6911,8185,9456,10727,11998
VVI	125,1127,1399,2401,2673,3433,4434,4704,5705,5977,6979,7251,8253,8523,9524,9794,10795,11065,12066
VVL	510,1784,3058,3817,5088,6362,7636,8907,10178,11449
VVN	950,1175,2224,2449,4257,4482,5528,5753,6802,7027,8076,8301,9347,9572,10618,10843,11889,12114
VVV	509,1783,3057,3816,5087,6361,7635,8906,10177,11448
VYA	349,394,1623,1668,2897,2942,3656,3701,4927,4972,6201,6246,7475,7520,8746,8791,10017,10062,11288,11333
VYD	1136,2410,4443,5714,6988,8262,9533,10804,12075
VYF	89,1363,2637,3397,4668,5941,7215,8487,9758,11029
VYH	3450,4721,8540,9811,11082
VYS	158,634,1432,1908,2706,3182,3465,3941,4736,5212,6010,6486,7284,7760,8555,9031,9826,10302,11097,11573
VYY	35,142,1309,1416,2583,2690,3345,4616,5887,5994,7161,7268,8435,9706,10977
WFH	63,1337,2611,3373,4644,5915,7189,8463,9734,11005
WFV	1101,2375,4408,5679,6953,8227,9498,10769,12040
WIF	103,1377,2651,3411,4682,5955,7229,8501,9772,11043
WLG	1216,2490,4523,5794,7068,8342,9613,10884,12155
WME	151,1425,2699,3458,4729,6003,7277,8548,9819,11090
WNR	352,1626,2900,3659,4930,6204,7478,8749,10020,11291
WNS	435,1709,2983,3742,5013,6287,7561,8832,10103,11374
WPW	1211,2485,4518,5789,7063,8337,9608,10879,12150
WRV	632,1906,3180,3939,5210,6484,7758,9029,10300,11571
WTA	257,1531,2805,3564,4835,6109,7383,8654,9925,11196
WTF	885,2159,4192,5463,6737,8011,9282,10553,11824
WYI	1213,2487,4520,5791,7065,8339,9610,10881,12152
XFS	11739
YAD	395,1669,2943,3702,4973,6247,7521,8792,10063,11334
YAW	350,1624,2898,3657,4928,6202,7476,8747,10018,11289
YDP	1137,2411,4444,5715,6989,8263,9534,10805,12076
YEC	659,1933,3207,3966,5237,6511,7785,9056,10327,11598
YEN	916,2190,4223,5494,6768,8042,9313,10584,11855
YEP	1109,2383,4416,5687,6961,8235,9506,10777,12048
YEQ	1205,2479,4512,5783,7057,8331,9602,10873,12144
YFA	90,1364,2638,3398,4669,5942,7216,8488,9759,11030
YFK	199,1154,1473,2428,2747,3506,4461,4777,5732,6051,7006,7325,8280,8596,9551,9867,10822,11138,12093
YFP	488,3036,3795,5066,6340,7614,8885,10156,11427
YGD	836,2110,4143,5414,6688,7962,9233,10504,11775
YGF	494,1768,3042,3801,5072,6346,7620,8891,10162,11433
YGS	755,2029,3303,4062,5333,6607,7881,9152,10423,11694
YGV	379,1653,2927,3686,3807,4957,5078,6231,7505,8776,8897,10047,10168,11318,11439
YHK	144,1418,2692,3451,4722,5996,7270,8541,9812,11083
YHL	1046,2320,4353,5624,6898,8172,9443,10714,11985
YIC	740,2014,3288,4047,5318,6592,7866,9137,10408,11679
YIK	1208,2482,4515,5786,7060,8334,9605,10876,12147
YIW	1214,2488,4521,5792,7066,8340,9611,10882,12153
YKL	422,1696,2970,3729,5000,6274,7548,8819,10090,11361
YKT	788,2062,4095,5366,6640,7914,9185,10456,11727
YLQ	268,1542,2816,3575,4846,6120,7394,8665,9936,11207
YLT	247,1521,2795,3554,4825,6099,7373,8644,9915,11186
YLY	450,1724,2998,3757,5028,6302,7576,8847,10118,11389
YNE	278,1552,2826,3585,4856,6130,7404,8675,9946,11217
YNS	368,1642,2916,3675,4946,6220,7494,8765,10036,11307
YNY	420,448,1694,1722,2968,2996,3727,3755,4998,5026,6272,6300,7546,7574,8817,8845,10088,10116,11359,11387
YPD	37,1311,2585,3347,4618,5889,7163,8437,9708,10979
YPL	1763
YQA	472,1746,3020,3779,5050,6324,7598,8869,10140,11411
YQD	611
YQG	1885,3159,3918,5189,6463,7737,9008,10279,11550
YQP	504,1778,3052,3811,5082,6356,7630,8901,10172,11443
YQT	312,673,1586,1947,2860,3221,3619,3980,4890,5251,6164,6525,7438,7799,8709,9070,9980,10341,11251,11612
YRF	903,2177,4210,5481,6755,8029,9300,10571,11842
YRL	452,1726,3000,3759,5030,6304,7578,8849,10120,11391
YRV	507,1781,3055,3814,5085,6359,7633,8904,10175,11446
YSK	203,1477,2751,3510,4781,6055,7329,8600,9871,11142
YSN	706,1980,3254,4013,5284,6558,7832,9103,10374,11645
YSS	159,1433,2707,3466,4737,6011,7285,8556,9827,11098
YST	635,1909,3183,3942,5213,6487,7761,9032,10303,11574
YSV	364,1638,2912,3671,4942,6216,7490,8761,10032,11303
YT*	1271,2545,4578,5849,7123,8397,9668,10939,12210
YTM	694,1968,3242,4001,5272,6546,7820,9091,10362,11633
YTN	27,1301,2575,3337,4608,5879,7153,8427,9698,10969
YTS	872,2146,4179,5450,6724,7998,9269,10540,11811
YVG	265,1539,2813,3572,4843,6117,7391,8662,9933,11204
YVP	1066,2340,4373,5644,6918,8192,9463,10734,12005
YVS	169,1443,2717,3476,4747,6021,7295,8566,9837,11108
YVT	1006,2280,4313,5584,6858,8132,9403,10674,11945
YYH	143,1417,2691,5995,7269
YYP	36,1310,1762,2584,3346,4617,5888,7162,8436,9707,10978
YYV	264,1538,2812,3571,4842,6116,7390,8661,9932,11203
